# Header data
_bpDBSCAN_Topas3.7
# Target model
Fiber
# Bounding volume
1	0.08	0.08	0.08
# DNA Density
1.20586e+07
# O2 concentration
 
# Incident particle
2212
# Mean Energy (MeV)
1
# Distribution function
Gaussian	1.000000	0.000000
# Event count
592
# File event grouping
Exposure
#
# Line-by-line hit data listing
1	-0.0117952	0.00572683	0.0404371	1 1 0	0	     	 	2 1 1/4 5 1/	 
0	0.00972215	-0.0022702	-0.0134189	0 1 0	0	     	 	1 1 1/	 
0	0.00976551	-0.00210847	-0.0135376	0 1 0	0	     	 	1 1 1/	 
0	0.00963725	-0.00240585	-0.0133788	0 1 0	0	     	 	1 1 1/	 
0	0.0129313	-0.00157684	-0.0145931	0 1 0	0	     	 	4 1 1/	 
0	-0.00791543	-0.00352928	0.0726578	0 1 0	0	     	 	4 1 1/	 
0	-0.00787841	-0.00351293	0.0726991	0 1 0	0	     	 	4 1 1/	 
0	-0.00747195	-0.00320642	0.0735904	0 1 0	0	     	 	1 1 1/	 
0	-0.00674502	-0.00599588	0.0443161	0 1 0	0	     	 	4 1 1/	 
0	-0.00784661	-0.00777365	0.0425598	0 1 0	0	     	 	1 1 1/	 
0	-0.00788497	-0.00866531	0.0423299	0 1 0	0	     	 	4 1 1/	 
0	-0.0078786	-0.00866654	0.0423085	0 1 0	0	     	 	4 1 1/	 
0	-0.00705867	-0.00913259	0.0414866	0 1 0	0	     	 	1 1 1/	 
0	-0.0071378	-0.0091047	0.0414925	0 1 0	0	     	 	1 1 1/	 
0	-0.00745585	-0.00894058	0.0419164	0 1 0	0	     	 	1 1 1/	 
0	-0.00712836	-0.00757033	0.0420311	1 0 0	0	     	 	3 1 1/	 
0	-0.00717562	-0.00760273	0.0420692	1 0 0	0	     	 	3 1 1/	 
0	-0.00767025	-0.00794184	0.0424679	0 1 0	0	     	 	1 1 1/	 
0	-0.0073303	-0.00763854	0.0428223	0 1 0	0	     	 	4 1 1/	 
0	-0.00652153	-0.00755067	0.0422096	1 0 0	0	     	 	2 1 1/	 
0	-0.00656346	-0.0076117	0.0422153	1 0 0	0	     	 	2 1 1/	 
0	-0.00659136	-0.00764165	0.0422395	1 0 0	0	     	 	2 1 1/	 
0	-0.00685478	-0.0079245	0.0424675	0 1 0	0	     	 	4 1 1/	 
0	-0.00742782	-0.00815739	0.0422537	0 1 0	0	     	 	1 1 1/	 
0	-0.00744491	-0.00817364	0.0422378	0 1 0	0	     	 	1 1 1/	 
0	-0.00674446	-0.00601652	0.044313	0 1 0	0	     	 	4 1 1/	 
0	-0.0062321	-0.0102813	0.0411376	0 1 0	0	     	 	4 1 1/	 
0	-0.00641422	-0.0110006	0.0411099	0 1 0	0	     	 	1 1 1/	 
0	-0.00683749	-0.0110194	0.0411442	0 1 0	0	     	 	1 1 1/	 
0	-0.0092248	-0.00350647	0.0374888	1 0 0	0	     	 	2 1 1/	 
0	-0.00944873	-0.00345021	0.0374073	1 0 0	0	     	 	2 1 1/	 
0	-0.0124971	-0.00405648	0.0382068	0 1 0	0	     	 	4 1 1/	 
0	-0.0117311	-0.00433971	0.0379322	1 0 0	0	     	 	2 1 1/	 
0	-0.0099481	-0.00353484	0.0369939	0 1 0	0	     	 	4 1 1/	 
0	-0.00945428	-0.00341939	0.0373664	1 0 0	0	     	 	2 1 1/	 
0	-0.00665739	-0.00736378	0.0286625	0 1 0	0	     	 	4 1 1/	 
0	-0.00667452	-0.0074031	0.0286381	0 1 0	0	     	 	4 1 1/	 
0	-0.00792015	-0.00495191	0.0303847	0 1 0	0	     	 	1 1 1/	 
0	-0.00863356	-0.00517975	0.0298647	0 1 0	0	     	 	4 1 1/	 
0	-0.0089108	-0.00501672	0.0300568	0 1 0	0	     	 	4 1 1/	 
0	-0.00878811	-0.00487877	0.0286086	0 1 0	0	     	 	4 1 1/	 
0	-0.00931677	-0.00465517	0.0292721	1 0 0	0	     	 	2 1 1/	 
0	-0.0102636	-0.00440063	0.0291549	0 1 0	0	     	 	4 1 1/	 
0	-0.0107175	-0.00448505	0.0291634	0 1 0	0	     	 	4 1 1/	 
0	-0.0108988	-0.00485623	0.0295356	0 1 0	0	     	 	4 1 1/	 
0	-0.00993381	-0.00523664	0.0293728	1 0 0	0	     	 	2 1 1/	 
0	-0.00846081	-0.00518701	0.0297433	0 1 0	0	     	 	4 1 1/	 
0	-0.00848698	-0.00521544	0.0296178	0 1 0	0	     	 	4 1 1/	 
0	-0.00743509	-0.00220148	0.0233914	0 1 0	0	     	 	4 1 1/	 
0	-0.00740986	-0.00237894	0.0230908	0 1 0	0	     	 	4 1 1/	 
0	-0.00729498	-0.00243911	0.0227671	0 1 0	0	     	 	4 1 1/	 
0	-0.00730402	-0.00242461	0.0227044	0 1 0	0	     	 	4 1 1/	 
0	-0.00680735	-0.00302156	0.0207845	1 0 0	0	     	 	2 1 1/	 
0	-0.00679829	-0.00302002	0.0207765	1 0 0	0	     	 	2 1 1/	 
0	-0.00671525	-0.00523227	0.0231196	0 1 0	0	     	 	1 1 1/	 
0	-0.00692364	-0.00549827	0.0233199	0 1 0	0	     	 	1 1 1/	 
0	-0.00769919	-0.00646001	0.0243079	1 0 0	0	     	 	2 1 1/	 
0	-0.00808504	-0.00750576	0.0246961	0 1 0	0	     	 	4 1 1/	 
0	-0.00860114	-0.00750943	0.0248328	0 1 0	0	     	 	4 1 1/	 
0	-0.010088	-0.00681841	0.025642	0 1 0	0	     	 	4 1 1/	 
0	-0.0100628	-0.00679826	0.0256979	0 1 0	0	     	 	4 1 1/	 
0	-0.00791019	-0.00321841	0.0204081	0 1 0	0	     	 	4 1 1/	 
0	-0.00729452	-0.00373447	0.0203401	0 1 0	0	     	 	4 1 1/	 
0	-0.00756485	-0.00304771	0.0200019	1 0 0	0	     	 	3 1 1/	 
0	-0.00756577	-0.00303505	0.020014	1 0 0	0	     	 	3 1 1/	 
0	-0.00740674	-0.0020622	0.0195683	0 1 0	0	     	 	1 1 1/	 
0	-0.00740327	-0.00202746	0.019588	0 1 0	0	     	 	1 1 1/	 
0	-0.00619616	-0.00572094	0.0173136	0 1 0	0	     	 	1 1 1/	 
0	-0.00568036	-0.00500281	0.00648913	0 1 0	0	     	 	4 1 1/	 
0	-0.004895	-0.00642739	0.00640387	0 1 0	0	     	 	1 1 1/	 
0	-0.00594786	-0.00548168	0.00687338	0 1 0	0	     	 	4 1 1/	 
0	-0.00585937	-0.00550915	0.00684033	0 1 0	0	     	 	4 1 1/	 
0	-0.00585813	-0.00550946	0.00684347	0 1 0	0	     	 	4 1 1/	 
0	-0.00585813	-0.00550946	0.00684347	0 1 0	0	     	 	4 1 1/	 
0	-0.00608649	-0.0069674	0.00741755	0 1 0	0	     	 	1 1 1/	 
0	-0.00568005	-0.00500355	0.00648889	0 1 0	0	     	 	4 1 1/	 
0	-0.0074612	-0.00387635	-0.00773048	0 1 0	0	     	 	1 1 1/	 
0	-0.00755421	-0.00386436	-0.00773157	0 1 0	0	     	 	1 1 1/	 
0	-0.00755421	-0.00386436	-0.00773157	0 1 0	0	     	 	1 1 1/	 
0	-0.00698311	-0.00409797	-0.0176833	0 1 0	0	     	 	4 1 1/	 
0	-0.00676415	-0.00642027	-0.0187422	0 1 0	0	     	 	4 1 1/	 
0	-0.00625797	-0.00546955	-0.0160512	0 1 0	0	     	 	1 1 1/	 
0	-0.00618593	-0.00547829	-0.015978	0 1 0	0	     	 	1 1 1/	 
0	-0.0128692	-0.00666974	-0.0338163	0 1 0	0	     	 	1 1 1/	 
0	-0.00818241	-0.00391059	-0.0217087	0 1 0	0	     	 	4 1 1/	 
0	-0.00886959	-0.00593608	-0.0245974	0 1 0	0	     	 	4 1 1/	 
0	-0.00731713	-0.00330523	-0.0265866	0 1 0	0	     	 	1 1 1/	 
0	-0.00771928	-0.00287232	-0.0266404	1 0 0	0	     	 	2 1 1/	 
0	-0.00824985	-0.00262566	-0.0267853	1 0 0	0	     	 	3 1 1/	 
0	-0.00803417	-0.00292063	-0.0274508	1 0 0	0	     	 	3 1 1/	 
0	-0.00808971	-0.00284427	-0.0274452	1 0 0	0	     	 	3 1 1/	 
0	-0.009403	-0.00552892	-0.0339785	0 1 0	0	     	 	1 1 1/	 
0	-0.00960334	-0.00578499	-0.033802	0 1 0	0	     	 	1 1 1/	 
0	-0.00740767	-0.00434961	-0.0311159	0 1 0	0	     	 	4 1 1/	 
0	-0.00765805	-0.00340984	-0.0310269	1 0 0	0	     	 	3 1 1/	 
0	-0.00766838	-0.00332914	-0.0310889	1 0 0	0	     	 	3 1 1/	 
0	-0.00827736	-0.00410686	-0.0313108	0 1 0	0	     	 	4 1 1/	 
0	-0.00716171	-0.00356368	-0.0396264	0 1 0	0	     	 	4 1 1/	 
0	-0.00567544	0.00372585	-0.0400083	0 1 0	0	     	 	1 1 1/	 
0	-0.00568721	0.00372296	-0.0400253	0 1 0	0	     	 	1 1 1/	 
0	-0.00568721	0.00372296	-0.0400253	0 1 0	0	     	 	1 1 1/	 
0	-0.00495415	-0.00590162	-0.0402621	0 1 0	0	     	 	1 1 1/	 
0	-0.00482022	-0.0059596	-0.0403196	0 1 0	0	     	 	1 1 1/	 
0	-0.00477281	-0.00516289	-0.0543201	0 1 0	0	     	 	4 1 1/	 
0	0.00914063	-0.00263376	0.033632	0 1 0	0	     	 	4 1 1/	 
0	-0.00715299	-0.00297956	-0.0264997	0 1 0	0	     	 	1 1 1/	 
0	-0.0112611	0.00496177	-0.0364019	0 1 0	0	     	 	1 1 1/	 
0	-0.0101259	-0.00290739	-0.0374453	0 1 0	0	     	 	1 1 1/	 
0	-0.0138703	0.00710255	-0.0375326	1 0 0	0	     	 	3 1 1/	 
0	-0.0138506	0.00749287	-0.0374593	0 1 0	0	     	 	4 1 1/	 
0	-0.0140635	0.00775061	-0.038025	0 1 0	0	     	 	1 1 1/	 
0	-0.0140077	0.00780946	-0.038001	0 1 0	0	     	 	1 1 1/	 
0	-0.0141852	0.00744821	-0.0409637	0 1 0	0	     	 	4 1 1/	 
0	-0.0140162	0.00722853	-0.041068	0 1 0	0	     	 	4 1 1/	 
0	-0.0116778	0.00715161	-0.0432324	0 1 0	0	     	 	1 1 1/	 
0	-0.0110653	0.00481701	-0.0364875	0 1 0	0	     	 	1 1 1/	 
0	-0.0116525	0.00493947	-0.0356957	1 0 0	0	     	 	2 1 1/	 
0	-0.0116483	0.00493417	-0.0357016	1 0 0	0	     	 	2 1 1/	 
0	-0.00926093	0.00299267	-0.0354185	0 1 0	0	     	 	4 1 1/	 
0	-0.00926236	0.00299248	-0.0354176	0 1 0	0	     	 	4 1 1/	 
0	-0.00926236	0.00299248	-0.0354176	0 1 0	0	     	 	4 1 1/	 
0	-0.00930088	0.00467723	-0.0358123	0 1 0	0	     	 	1 1 1/	 
0	-0.00966024	0.0038422	-0.0360631	1 0 0	0	     	 	2 1 1/	 
0	-0.00791804	0.00554776	-0.0354419	0 1 0	0	     	 	4 1 1/	 
0	0.00158849	0.00786966	-0.0479871	0 1 0	0	     	 	4 1 1/	 
0	0.00165191	0.00840253	-0.0477459	1 0 0	0	     	 	3 1 1/	 
0	0.00166303	0.00806477	-0.0495912	1 0 0	0	     	 	2 1 1/	 
0	0.00128121	0.0074259	-0.0499642	1 0 0	0	     	 	3 1 1/	 
0	-0.00808127	0.000798393	-0.0676256	0 1 0	0	     	 	4 1 1/	 
0	-0.00707443	0.00146226	-0.0646579	0 1 0	0	     	 	1 1 1/	 
0	-0.00810171	0.00205744	-0.0678778	1 0 0	0	     	 	3 1 1/	 
0	-0.00916993	0.00181804	-0.0676564	0 1 0	0	     	 	1 1 1/	 
0	-0.0092538	0.00741843	-0.0608011	1 0 0	0	     	 	3 1 1/	 
0	-0.00925322	0.0074187	-0.0602895	0 1 0	0	     	 	4 1 1/	 
0	-0.0092308	0.00743456	-0.0355232	1 0 0	0	     	 	3 1 1/	 
0	-0.0092304	0.0074346	-0.0350837	0 1 0	0	     	 	4 1 1/	 
0	-0.00921803	0.00743618	-0.0234188	1 0 0	0	     	 	3 1 1/	 
0	-0.00921797	0.00743619	-0.0233633	1 0 0	0	     	 	3 1 1/	 
0	-0.00920557	0.00743595	-0.0108769	1 0 0	0	     	 	3 1 1/	 
0	-0.00920578	0.00743577	-0.0103654	1 0 0	0	     	 	2 1 1/	 
0	-0.00920583	0.00743573	-0.0102587	1 0 0	0	     	 	2 1 1/	 
0	-0.00917565	0.00742321	0.00196122	1 0 0	0	     	 	2 1 1/	 
0	-0.0092134	0.00744027	0.00226574	1 0 0	0	     	 	3 1 1/	 
0	-0.00922867	0.00745835	0.0262777	0 1 0	0	     	 	1 1 1/	 
0	-0.00922918	0.00745887	0.0269329	1 0 0	0	     	 	2 1 1/	 
0	-0.00922999	0.00745968	0.027921	0 1 0	0	     	 	4 1 1/	 
0	-0.009238	0.00746031	0.0401922	1 0 0	0	     	 	2 1 1/	 
0	-0.00926771	0.00745991	0.052134	1 0 0	0	     	 	3 1 1/	 
0	-0.00930261	0.00745901	0.0657151	0 1 0	0	     	 	4 1 1/	 
0	-0.00975328	0.0076548	0.0652688	1 0 0	0	     	 	3 1 1/	 
0	-0.00976039	0.00765347	0.0652494	1 0 0	0	     	 	3 1 1/	 
0	-0.00976075	0.00765341	0.0652484	1 0 0	0	     	 	3 1 1/	 
0	-0.0089093	0.00607045	0.0434399	1 0 0	0	     	 	2 1 1/	 
0	-0.010277	0.00433934	0.0407009	0 1 0	0	     	 	4 1 1/	 
0	-0.00975707	0.00453627	0.0404955	0 1 0	0	     	 	4 1 1/	 
0	-0.00842099	0.00307827	0.0396996	0 1 0	0	     	 	4 1 1/	 
0	-0.00841018	0.00306552	0.0396778	0 1 0	0	     	 	4 1 1/	 
0	-0.0102682	0.00433699	0.0407007	0 1 0	0	     	 	4 1 1/	 
0	-0.0127035	0.00471941	0.039689	0 1 0	0	     	 	1 1 1/	 
0	-0.0122551	0.0054311	0.0389783	0 1 0	0	     	 	1 1 1/	 
0	-0.011451	0.00621971	0.0401837	0 1 0	0	     	 	4 1 1/	 
0	-0.0114462	0.0052548	0.040079	1 0 0	0	     	 	3 1 1/	 
0	-0.0123084	0.00616008	0.040473	0 1 0	0	     	 	4 1 1/	 
0	-0.0111488	0.00553522	0.0390919	0 1 0	0	     	 	4 1 1/	 
0	-0.00882869	0.00814075	0.039382	0 1 0	0	     	 	1 1 1/	 
0	-0.00862317	0.00759171	0.0394135	0 1 0	0	     	 	1 1 1/	 
0	-0.00880592	0.00747179	0.0392866	0 1 0	0	     	 	1 1 1/	 
0	-0.00894637	0.00614363	0.0392412	0 1 0	0	     	 	1 1 1/	 
0	-0.00953707	0.00480022	0.0402644	0 1 0	0	     	 	4 1 1/	 
0	-0.00967966	0.00455452	0.0398696	0 1 0	0	     	 	4 1 1/	 
0	-0.012165	0.0061124	0.0390637	0 1 0	0	     	 	1 1 1/	 
0	-0.0116127	0.00442707	0.0395701	0 1 0	0	     	 	4 1 1/	 
0	-0.0119156	0.00478625	0.0400337	1 0 0	0	     	 	2 1 1/	 
0	-0.0119068	0.00503446	0.0397999	1 0 0	0	     	 	3 1 1/	 
0	-0.0123952	0.00589585	0.0399694	1 0 0	0	     	 	3 1 1/	 
0	-0.0106424	0.00579311	0.03169	0 1 0	0	     	 	4 1 1/	 
0	-0.00917187	0.00644393	0.028015	0 1 0	0	     	 	1 1 1/	 
0	-0.013251	0.00652792	0.0126016	0 1 0	0	     	 	1 1 1/	 
0	-0.0132862	0.0065096	0.0126181	0 1 0	0	     	 	1 1 1/	 
0	-0.0138114	0.00675779	0.0121392	0 1 0	0	     	 	4 1 1/	 
0	-0.0111685	0.00548581	0.0143163	0 1 0	0	     	 	4 1 1/	 
0	-0.0111699	0.00548591	0.0143167	0 1 0	0	     	 	4 1 1/	 
0	-0.0103081	0.00911701	0.00128908	0 1 0	0	     	 	1 1 1/	 
0	-0.0092619	0.00715448	0.00330833	0 1 0	0	     	 	4 1 1/	 
0	-0.0092171	0.00753722	0.00305726	0 1 0	0	     	 	4 1 1/	 
0	-0.00921344	0.00744031	0.00232742	1 0 0	0	     	 	3 1 1/	 
0	-0.00913819	0.0074065	0.00219814	1 0 0	0	     	 	2 1 1/	 
0	-0.00949279	0.00844369	0.0017509	0 1 0	0	     	 	4 1 1/	 
0	-0.00866025	0.00639568	0.00252091	0 1 0	0	     	 	1 1 1/	 
0	-0.00831746	0.00659712	0.00227486	1 0 0	0	     	 	2 1 1/	 
0	-0.00833033	0.00702155	0.0022395	1 0 0	0	     	 	3 1 1/	 
0	-0.00849825	0.00721998	0.00234758	1 0 0	0	     	 	3 1 1/	 
0	-0.00839614	0.00651549	0.00195618	1 0 0	0	     	 	2 1 1/	 
0	-0.00836274	0.006549	0.00222468	1 0 0	0	     	 	2 1 1/	 
0	-0.0100029	0.00724952	0.00201762	0 1 0	0	     	 	4 1 1/	 
0	-0.00977156	0.00776788	0.00172187	0 1 0	0	     	 	4 1 1/	 
0	-0.0100082	0.00838276	0.00198495	1 0 0	0	     	 	3 1 1/	 
0	-0.00872249	0.00268809	0.00646603	0 1 0	0	     	 	4 1 1/	 
0	-0.00755999	0.00132252	0.0076833	0 1 0	0	     	 	1 1 1/	 
0	-0.00762586	0.00136258	0.00767305	0 1 0	0	     	 	1 1 1/	 
0	-0.00810352	0.00177093	0.00855127	1 0 0	0	     	 	2 1 1/	 
0	-0.00890057	0.00151348	0.00737833	1 0 0	0	     	 	3 1 1/	 
0	-0.00889067	0.00203064	0.00719813	1 0 0	0	     	 	3 1 1/	 
0	-0.00923523	0.00217614	0.00756704	1 0 0	0	     	 	2 1 1/	 
0	-0.00899587	0.00255596	0.00889378	0 1 0	0	     	 	4 1 1/	 
0	-0.00870611	0.00235697	0.00846715	0 1 0	0	     	 	4 1 1/	 
0	-0.0128682	0.00211455	0.00543762	0 1 0	0	     	 	4 1 1/	 
0	-0.0116477	0.000883255	0.00569196	0 1 0	0	     	 	4 1 1/	 
0	-0.0116397	0.000886209	0.00570037	0 1 0	0	     	 	4 1 1/	 
0	-0.00615635	0.00638332	-0.000385985	0 1 0	0	     	 	1 1 1/	 
0	-0.00614421	0.00635194	-0.000406827	0 1 0	0	     	 	1 1 1/	 
0	-0.00828095	0.00729143	-0.0103232	1 0 0	0	     	 	2 1 1/	 
0	-0.00956444	0.00689784	-0.0186535	0 1 0	0	     	 	1 1 1/	 
0	-0.0107633	0.00548338	-0.0194333	0 1 0	0	     	 	1 1 1/	 
0	-0.0117043	0.00621637	-0.019085	0 1 0	0	     	 	4 1 1/	 
0	-0.0120211	0.00636757	-0.0194752	0 1 0	0	     	 	4 1 1/	 
0	-0.0120359	0.00664524	-0.0195656	0 1 0	0	     	 	4 1 1/	 
0	-0.00803544	0.0112756	-0.0184557	0 1 0	0	     	 	1 1 1/	 
0	-0.00912535	0.00693563	-0.0192893	0 1 0	0	     	 	1 1 1/	 
0	-0.00911168	0.00693815	-0.0192517	0 1 0	0	     	 	1 1 1/	 
0	-0.00905012	0.00690044	-0.0191447	0 1 0	0	     	 	1 1 1/	 
0	-0.00904436	0.00689515	-0.0191369	0 1 0	0	     	 	1 1 1/	 
0	-0.00897521	0.00610292	-0.0188923	1 0 0	0	     	 	3 1 1/	 
0	-0.00929708	0.00713836	-0.0224848	0 1 0	0	     	 	4 1 1/	 
0	-0.00902187	0.00644702	-0.023417	0 1 0	0	     	 	1 1 1/	 
0	-0.00901922	0.00643194	-0.0234301	0 1 0	0	     	 	1 1 1/	 
0	-0.00901922	0.00643194	-0.0234301	0 1 0	0	     	 	1 1 1/	 
0	-0.00949008	0.00772363	-0.0232784	1 0 0	0	     	 	3 1 1/	 
0	-0.00942122	0.00758211	-0.0228343	1 0 0	0	     	 	2 1 1/	 
0	-0.00940934	0.00755768	-0.0227576	1 0 0	0	     	 	2 1 1/	 
0	-0.00584666	0.0110732	-0.0302901	0 1 0	0	     	 	1 1 1/	 
0	-0.00585058	0.0110734	-0.0303097	0 1 0	0	     	 	1 1 1/	 
0	-0.00905341	0.00825917	-0.0361886	0 1 0	0	     	 	1 1 1/	 
0	-0.00904576	0.00824315	-0.0361934	0 1 0	0	     	 	1 1 1/	 
0	-0.00904533	0.00824226	-0.0361937	0 1 0	0	     	 	1 1 1/	 
0	-0.00968977	0.00724585	-0.0358292	0 1 0	0	     	 	1 1 1/	 
0	-0.00973895	0.00715782	-0.0357933	0 1 0	0	     	 	1 1 1/	 
0	-0.00963433	0.0073451	-0.0358697	0 1 0	0	     	 	1 1 1/	 
0	-0.00963433	0.0073451	-0.0358697	0 1 0	0	     	 	1 1 1/	 
0	-0.00899308	0.00616385	-0.0450532	0 1 0	0	     	 	1 1 1/	 
0	-0.00776028	0.00491481	-0.0446949	0 1 0	0	     	 	4 1 1/	 
0	-0.00926683	0.00215067	-0.0437503	1 0 0	0	     	 	3 1 1/	 
0	-0.0090548	0.00183645	-0.0429621	1 0 0	0	     	 	3 1 1/	 
0	-0.00948646	0.00299972	-0.0434739	0 1 0	0	     	 	1 1 1/	 
0	-0.0118689	0.00599836	-0.0452813	0 1 0	0	     	 	1 1 1/	 
0	-0.0111482	0.0057921	-0.0446394	0 1 0	0	     	 	1 1 1/	 
0	-0.0115028	0.00564101	-0.0447204	0 1 0	0	     	 	1 1 1/	 
0	-0.00728785	0.00536308	-0.0664355	0 1 0	0	     	 	4 1 1/	 
0	-0.00682571	0.00506495	-0.0669032	1 0 0	0	     	 	3 1 1/	 
0	-0.00633906	0.00457211	-0.0677353	0 1 0	0	     	 	4 1 1/	 
1	5.21507e-313	5.21507e-313	5.21507e-313	0 -2 1	-1	     	 		 
1	-0.00171186	-0.00720994	0.0579004	0 1 0	0	     	 	4 1 1/	 
0	-0.00171473	-0.00716213	0.0577961	0 1 0	0	     	 	4 1 1/	 
0	-0.00106808	-0.00836014	0.0589026	1 0 0	0	     	 	3 1 1/	 
0	-0.0009755	-0.00811751	0.0589869	0 1 0	0	     	 	4 1 1/	 
0	-0.00095343	-0.00822912	0.0590166	1 0 0	0	     	 	3 1 1/	 
0	-0.000985022	-0.00844938	0.059035	1 0 0	0	     	 	3 1 1/	 
0	0.00194638	-0.00771816	0.0687656	1 0 0	0	     	 	3 1 1/	 
0	0.00159829	-0.00771223	0.0689421	0 1 0	0	     	 	4 1 1/	 
0	0.00139422	-0.00699183	0.0692189	0 1 0	0	     	 	4 1 1/	 
0	0.00139971	-0.0069839	0.0692152	0 1 0	0	     	 	4 1 1/	 
0	0.00139971	-0.0069839	0.0692152	0 1 0	0	     	 	4 1 1/	 
0	0.00953201	-0.0113861	0.0629537	0 1 0	0	     	 	1 1 1/	 
0	0.0105028	-0.0105671	0.0637903	0 1 0	0	     	 	1 1 1/	 
0	0.0117062	-0.0115707	0.0644255	1 0 0	0	     	 	3 1 1/	 
0	0.0117222	-0.0115843	0.0644319	1 0 0	0	     	 	3 1 1/	 
0	-0.00113305	0.00737324	0.0636608	0 1 0	0	     	 	4 1 1/	 
0	0.00284632	-0.00800105	-0.0709243	1 0 0	0	     	 	3 1 1/	 
0	0.00274636	-0.00790863	-0.0707212	1 0 0	0	     	 	3 1 1/	 
0	0.00168836	-0.00730589	-0.0702919	0 1 0	0	     	 	1 1 1/	 
0	0.00165447	-0.00728875	-0.0702886	0 1 0	0	     	 	1 1 1/	 
0	0.00200513	-0.00797988	-0.0698038	1 0 0	0	     	 	3 1 1/	 
0	0.00268388	-0.00758128	-0.069643	1 0 0	0	     	 	3 1 1/	 
0	0.00235366	-0.00830254	-0.0699976	0 1 0	0	     	 	4 1 1/	 
0	0.00241272	-0.00831851	-0.0699344	0 1 0	0	     	 	4 1 1/	 
0	0.00261628	-0.00815162	-0.0700894	0 1 0	0	     	 	4 1 1/	 
0	0.00211743	-0.00845652	-0.0701004	0 1 0	0	     	 	4 1 1/	 
0	-0.00924951	0.00742723	-0.0607992	1 0 0	0	     	 	3 1 1/	 
0	-0.0092488	0.00742815	-0.0602868	0 1 0	0	     	 	4 1 1/	 
0	-0.00923231	0.00745166	-0.0486658	1 0 0	0	     	 	3 1 1/	 
0	-0.00921187	0.0074412	-0.0480255	1 0 0	0	     	 	2 1 1/	 
0	-0.00907539	0.00757785	-0.0353979	1 0 0	0	     	 	3 1 1/	 
0	-0.00919656	0.00750436	-0.02348	1 0 0	0	     	 	2 1 1/	 
0	-0.00917668	0.00754045	-0.010616	1 0 0	0	     	 	3 1 1/	 
0	-0.00917738	0.00753891	-0.0107683	1 0 0	0	     	 	3 1 1/	 
0	-0.00916812	0.00757608	0.00119723	0 1 0	0	     	 	1 1 1/	 
0	-0.00916814	0.00757624	0.00123857	0 1 0	0	     	 	1 1 1/	 
0	-0.00916815	0.00757644	0.00128479	0 1 0	0	     	 	1 1 1/	 
0	-0.00916782	0.00757881	0.0018546	1 0 0	0	     	 	2 1 1/	 
0	-0.00916782	0.00757876	0.00184316	1 0 0	0	     	 	2 1 1/	 
0	-0.00915929	0.00763377	0.0150746	1 0 0	0	     	 	2 1 1/	 
0	-0.00915186	0.00768429	0.02705	1 0 0	0	     	 	2 1 1/	 
0	-0.00915182	0.00768471	0.0271486	1 0 0	0	     	 	2 1 1/	 
0	-0.00922503	0.00770573	0.0399844	1 0 0	0	     	 	2 1 1/	 
0	-0.00915823	0.00778307	0.0522473	1 0 0	0	     	 	3 1 1/	 
0	-0.00915978	0.0078443	0.0648142	1 0 0	0	     	 	2 1 1/	 
0	-0.0122504	0.00728371	0.0576793	0 1 0	0	     	 	1 1 1/	 
0	-0.00915826	0.00778338	0.0523096	1 0 0	0	     	 	3 1 1/	 
0	-0.0109479	0.00665146	0.0446382	0 1 0	0	     	 	4 1 1/	 
0	-0.0109542	0.0064506	0.0446396	0 1 0	0	     	 	4 1 1/	 
0	-0.0119891	0.0114006	0.0458718	1 0 0	0	     	 	3 1 1/	 
0	-0.0119587	0.0113904	0.0459077	1 0 0	0	     	 	3 1 1/	 
0	-0.0120767	0.0114774	0.0456417	1 0 0	0	     	 	3 1 1/	 
0	-0.0118176	0.0113497	0.045105	0 1 0	0	     	 	1 1 1/	 
0	-0.0120055	0.0107167	0.045486	0 1 0	0	     	 	4 1 1/	 
0	-0.0117636	0.0114361	0.0453168	1 0 0	0	     	 	2 1 1/	 
0	-0.0121045	0.011853	0.0470158	0 1 0	0	     	 	1 1 1/	 
0	-0.0119547	0.0118087	0.0471341	0 1 0	0	     	 	1 1 1/	 
0	-0.0120094	0.0117939	0.047156	0 1 0	0	     	 	1 1 1/	 
0	-0.012355	0.0119129	0.0468234	0 1 0	0	     	 	1 1 1/	 
0	-0.0135405	0.0108118	0.0477659	0 1 0	0	     	 	4 1 1/	 
0	-0.00890359	0.00716383	0.0410494	0 1 0	0	     	 	4 1 1/	 
0	-0.00915593	0.00770219	0.0400437	1 0 0	0	     	 	2 1 1/	 
0	-0.0093183	0.00769292	0.040113	1 0 0	0	     	 	2 1 1/	 
0	-0.00934163	0.00735441	0.0402737	1 0 0	0	     	 	3 1 1/	 
0	-0.0093587	0.00725655	0.0400899	1 0 0	0	     	 	3 1 1/	 
0	-0.00927554	0.00769767	0.0400907	1 0 0	0	     	 	2 1 1/	 
0	-0.00868188	0.00630767	0.0398055	0 1 0	0	     	 	1 1 1/	 
0	-0.00831993	0.00594891	0.0401392	0 1 0	0	     	 	1 1 1/	 
0	-0.00784231	0.00277599	0.0391584	0 1 0	0	     	 	4 1 1/	 
0	-0.00667285	0.00537215	0.0396169	0 1 0	0	     	 	4 1 1/	 
0	-0.00683272	0.00522455	0.0396449	0 1 0	0	     	 	4 1 1/	 
0	-0.00910274	0.00783361	0.0405731	0 1 0	0	     	 	1 1 1/	 
0	-0.0100479	0.00681581	0.0190207	0 1 0	0	     	 	1 1 1/	 
0	-0.0101014	0.00705913	0.018957	0 1 0	0	     	 	1 1 1/	 
0	-0.0100982	0.00698477	0.0190082	0 1 0	0	     	 	1 1 1/	 
0	-0.0100748	0.00644773	0.019378	0 1 0	0	     	 	1 1 1/	 
0	-0.0110653	0.00595422	0.0180187	0 1 0	0	     	 	1 1 1/	 
0	-0.00983885	0.00505494	0.0150369	0 1 0	0	     	 	1 1 1/	 
0	-0.0102227	0.00531933	0.0153098	0 1 0	0	     	 	1 1 1/	 
0	-0.00915913	0.00763473	0.0153021	1 0 0	0	     	 	2 1 1/	 
0	-0.0112964	0.0072882	0.0068135	0 1 0	0	     	 	1 1 1/	 
0	-0.00995045	0.0059265	0.00693564	0 1 0	0	     	 	1 1 1/	 
0	-0.00916774	0.00757938	0.00199082	1 0 0	0	     	 	2 1 1/	 
0	-0.00731997	0.0070598	0.00100807	0 1 0	0	     	 	1 1 1/	 
0	-0.00726495	0.00700758	0.00109292	0 1 0	0	     	 	1 1 1/	 
0	-0.0104772	0.0064327	-0.00639743	1 0 0	0	     	 	2 1 1/	 
0	-0.0145172	0.0070812	-0.00408188	0 1 0	0	     	 	1 1 1/	 
0	-0.0110327	0.00995216	-0.0119331	0 1 0	0	     	 	1 1 1/	 
0	-0.0110856	0.0099374	-0.0119555	0 1 0	0	     	 	1 1 1/	 
0	-0.00917682	0.00753997	-0.0103783	1 0 0	0	     	 	3 1 1/	 
0	-0.00749547	0.00660839	-0.0109333	1 0 0	0	     	 	3 1 1/	 
0	-0.00742621	0.00658381	-0.0113511	1 0 0	0	     	 	3 1 1/	 
0	-0.00745089	0.00658412	-0.0114402	1 0 0	0	     	 	3 1 1/	 
0	-0.009175	0.00754433	-0.0104372	1 0 0	0	     	 	3 1 1/	 
0	-0.00987985	0.00768488	-0.0110617	0 1 0	0	     	 	1 1 1/	 
0	-0.0116688	0.00832436	-0.0109616	0 1 0	0	     	 	1 1 1/	 
0	-0.0106424	0.00847526	-0.010712	1 0 0	0	     	 	3 1 1/	 
0	-0.0128395	0.00940772	-0.0124843	0 1 0	0	     	 	1 1 1/	 
0	-0.0128842	0.00940804	-0.012491	0 1 0	0	     	 	1 1 1/	 
0	-0.0132042	0.0104982	-0.0134858	1 0 0	0	     	 	3 1 1/	 
0	-0.0132217	0.0104849	-0.0134769	1 0 0	0	     	 	3 1 1/	 
0	-0.0114905	0.00618305	-0.0188847	0 1 0	0	     	 	4 1 1/	 
0	-0.0112853	0.00645189	-0.0191859	1 0 0	0	     	 	3 1 1/	 
0	-0.0113475	0.00690169	-0.0193774	1 0 0	0	     	 	2 1 1/	 
0	-0.00426262	0.0109113	-0.017802	1 0 0	0	     	 	2 1 1/	 
0	-0.00418447	0.010973	-0.017871	1 0 0	0	     	 	2 1 1/	 
0	-0.0136793	0.00749066	-0.0242086	0 1 0	0	     	 	4 1 1/	 
0	-0.014239	0.00749859	-0.0246702	1 0 0	0	     	 	2 1 1/	 
0	-0.0142449	0.0075326	-0.0246777	1 0 0	0	     	 	2 1 1/	 
0	-0.0143189	0.00740703	-0.0247476	1 0 0	0	     	 	2 1 1/	 
0	-0.00900784	0.00762822	-0.0353261	1 0 0	0	     	 	3 1 1/	 
0	-0.00900443	0.00762985	-0.0353242	1 0 0	0	     	 	3 1 1/	 
0	-0.0091921	0.00742982	-0.0478622	1 0 0	0	     	 	2 1 1/	 
0	-0.00814264	-0.00330421	0.073385	1 0 0	0	     	 	2 1 1/	 
0	-0.00806297	-0.0031169	0.0741031	1 0 0	0	     	 	2 1 1/	 
0	-0.00839761	-0.00325467	0.0743849	1 0 0	0	     	 	3 1 1/	 
0	-0.00869422	-0.00346593	0.0745378	1 0 0	0	     	 	3 1 1/	 
0	-0.00863582	-0.00348208	0.0745747	1 0 0	0	     	 	3 1 1/	 
0	-0.00846834	-0.00324891	0.0744643	1 0 0	0	     	 	3 1 1/	 
0	-0.00681488	-0.00270303	0.0723444	0 1 0	0	     	 	4 1 1/	 
0	-0.00702567	-0.00266795	0.0713453	1 0 0	0	     	 	3 1 1/	 
0	-0.00511344	-0.00473182	0.0588605	0 1 0	0	     	 	1 1 1/	 
0	-0.00522489	-0.00539293	0.0588255	1 0 0	0	     	 	2 1 1/	 
0	-0.00498093	-0.00581811	0.0591497	0 1 0	0	     	 	1 1 1/	 
0	-0.00497207	-0.00579475	0.0591584	0 1 0	0	     	 	1 1 1/	 
0	-0.00487265	-0.00574537	0.0598515	0 1 0	0	     	 	1 1 1/	 
0	-0.00478562	-0.00560928	0.0596936	0 1 0	0	     	 	1 1 1/	 
0	-0.00470731	-0.00555249	0.0596677	0 1 0	0	     	 	1 1 1/	 
0	-0.00535666	-0.00558819	0.0592098	1 0 0	0	     	 	2 1 1/	 
0	-0.00487328	-0.00563769	0.0595871	0 1 0	0	     	 	1 1 1/	 
0	-0.00694119	-0.00669666	0.0607916	0 1 0	0	     	 	4 1 1/	 
0	-0.00496742	-0.00576511	0.0591872	0 1 0	0	     	 	1 1 1/	 
0	-0.00497207	-0.00579475	0.0591584	0 1 0	0	     	 	1 1 1/	 
0	-0.00689325	-0.00375247	0.0426509	0 1 0	0	     	 	1 1 1/	 
0	-0.00577804	-0.00599439	0.021441	1 0 0	0	     	 	3 1 1/	 
0	-0.00706992	-0.00374561	0.0210579	0 1 0	0	     	 	4 1 1/	 
0	-0.00731394	-0.00355869	0.0210826	0 1 0	0	     	 	4 1 1/	 
0	-0.00558583	-0.00472419	0.0205268	0 1 0	0	     	 	1 1 1/	 
0	-0.00645028	-0.00662187	0.0218997	0 1 0	0	     	 	4 1 1/	 
0	-0.00605644	-0.00617989	0.0221008	1 0 0	0	     	 	3 1 1/	 
0	-0.00682777	-0.00383981	0.0211213	0 1 0	0	     	 	4 1 1/	 
0	-0.00703937	-0.00386102	0.0211342	0 1 0	0	     	 	4 1 1/	 
0	-0.00776446	-0.00333285	0.0191569	1 0 0	0	     	 	2 1 1/	 
0	-0.0079383	-0.00292842	0.0193757	0 1 0	0	     	 	1 1 1/	 
0	-0.00738304	-0.00370965	0.0206141	0 1 0	0	     	 	4 1 1/	 
0	-0.00687245	-0.00385359	0.0208895	0 1 0	0	     	 	4 1 1/	 
0	-0.00568598	-0.0050918	0.0208624	0 1 0	0	     	 	1 1 1/	 
0	-0.0056634	-0.00508744	0.0208607	0 1 0	0	     	 	1 1 1/	 
0	-0.00571353	-0.00506237	0.020855	0 1 0	0	     	 	1 1 1/	 
0	-0.00614661	-0.00490841	0.0208235	0 1 0	0	     	 	1 1 1/	 
0	-0.00561193	-0.00521733	0.0211	0 1 0	0	     	 	1 1 1/	 
0	-0.00493371	-0.00546205	0.0224936	0 1 0	0	     	 	1 1 1/	 
0	-0.00492847	-0.00548648	0.0224953	0 1 0	0	     	 	1 1 1/	 
0	-0.00492847	-0.00548648	0.0224953	0 1 0	0	     	 	1 1 1/	 
0	-0.00678214	-0.00280933	0.0106864	0 1 0	0	     	 	1 1 1/	 
0	-0.00778195	-0.00296447	0.00672773	1 0 0	0	     	 	3 1 1/	 
0	-0.00707548	-0.00312716	0.0068513	1 0 0	0	     	 	3 1 1/	 
0	-0.00683646	-0.00319062	0.00707462	1 0 0	0	     	 	3 1 1/	 
0	-0.00766097	-0.00281978	-0.00404108	1 0 0	0	     	 	3 1 1/	 
0	-0.00762175	-0.00269034	-0.00398377	1 0 0	0	     	 	3 1 1/	 
0	-0.00904012	-0.00307666	-0.0128701	1 0 0	0	     	 	2 1 1/	 
0	-0.00702187	-0.00216573	-0.0189222	0 1 0	0	     	 	4 1 1/	 
0	-0.007022	-0.00216587	-0.0189222	0 1 0	0	     	 	4 1 1/	 
0	-0.00722313	-0.00286424	-0.0191164	0 1 0	0	     	 	4 1 1/	 
0	-0.0087601	-0.00598159	-0.0383981	0 1 0	0	     	 	1 1 1/	 
0	-0.00824964	-0.00258916	-0.0518681	1 0 0	0	     	 	3 1 1/	 
0	-0.00619206	-0.00600386	-0.0511177	0 1 0	0	     	 	4 1 1/	 
0	-0.00628459	-0.00602521	-0.051139	0 1 0	0	     	 	4 1 1/	 
0	-0.00628459	-0.00602521	-0.051139	0 1 0	0	     	 	4 1 1/	 
0	-0.00726661	0.00491089	0.0385981	0 1 0	0	     	 	1 1 1/	 
1	-0.00924951	0.00742723	-0.0607992	1 0 0	0	     	 	3 1 1/	 
0	-0.0092488	0.00742815	-0.0602868	0 1 0	0	     	 	4 1 1/	 
0	-0.00923231	0.00745166	-0.0486658	1 0 0	0	     	 	3 1 1/	 
0	-0.00921187	0.0074412	-0.0480255	1 0 0	0	     	 	2 1 1/	 
0	-0.00907539	0.00757785	-0.0353979	1 0 0	0	     	 	3 1 1/	 
0	-0.00919656	0.00750436	-0.02348	1 0 0	0	     	 	2 1 1/	 
0	-0.00917668	0.00754045	-0.010616	1 0 0	0	     	 	3 1 1/	 
0	-0.00917738	0.00753891	-0.0107683	1 0 0	0	     	 	3 1 1/	 
0	-0.00916812	0.00757608	0.00119723	0 1 0	0	     	 	1 1 1/	 
0	-0.00916814	0.00757624	0.00123857	0 1 0	0	     	 	1 1 1/	 
0	-0.00916815	0.00757644	0.00128479	0 1 0	0	     	 	1 1 1/	 
0	-0.00916782	0.00757881	0.0018546	1 0 0	0	     	 	2 1 1/	 
0	-0.00916782	0.00757876	0.00184316	1 0 0	0	     	 	2 1 1/	 
0	-0.00915929	0.00763377	0.0150746	1 0 0	0	     	 	2 1 1/	 
0	-0.00915186	0.00768429	0.02705	1 0 0	0	     	 	2 1 1/	 
0	-0.00915182	0.00768471	0.0271486	1 0 0	0	     	 	2 1 1/	 
0	-0.00922503	0.00770573	0.0399844	1 0 0	0	     	 	2 1 1/	 
0	-0.00915823	0.00778307	0.0522473	1 0 0	0	     	 	3 1 1/	 
0	-0.00915978	0.0078443	0.0648142	1 0 0	0	     	 	2 1 1/	 
0	-0.0122504	0.00728371	0.0576793	0 1 0	0	     	 	1 1 1/	 
0	-0.00915826	0.00778338	0.0523096	1 0 0	0	     	 	3 1 1/	 
0	-0.0109479	0.00665146	0.0446382	0 1 0	0	     	 	4 1 1/	 
0	-0.0109542	0.0064506	0.0446396	0 1 0	0	     	 	4 1 1/	 
0	-0.0119891	0.0114006	0.0458718	1 0 0	0	     	 	3 1 1/	 
0	-0.0119587	0.0113904	0.0459077	1 0 0	0	     	 	3 1 1/	 
0	-0.0120767	0.0114774	0.0456417	1 0 0	0	     	 	3 1 1/	 
0	-0.0118176	0.0113497	0.045105	0 1 0	0	     	 	1 1 1/	 
0	-0.0120055	0.0107167	0.045486	0 1 0	0	     	 	4 1 1/	 
0	-0.0117636	0.0114361	0.0453168	1 0 0	0	     	 	2 1 1/	 
0	-0.0121045	0.011853	0.0470158	0 1 0	0	     	 	1 1 1/	 
0	-0.0119547	0.0118087	0.0471341	0 1 0	0	     	 	1 1 1/	 
0	-0.0120094	0.0117939	0.047156	0 1 0	0	     	 	1 1 1/	 
0	-0.012355	0.0119129	0.0468234	0 1 0	0	     	 	1 1 1/	 
0	-0.0135405	0.0108118	0.0477659	0 1 0	0	     	 	4 1 1/	 
0	-0.00890359	0.00716383	0.0410494	0 1 0	0	     	 	4 1 1/	 
0	-0.00915593	0.00770219	0.0400437	1 0 0	0	     	 	2 1 1/	 
0	-0.0093183	0.00769292	0.040113	1 0 0	0	     	 	2 1 1/	 
0	-0.00934163	0.00735441	0.0402737	1 0 0	0	     	 	3 1 1/	 
0	-0.0093587	0.00725655	0.0400899	1 0 0	0	     	 	3 1 1/	 
0	-0.00927554	0.00769767	0.0400907	1 0 0	0	     	 	2 1 1/	 
0	-0.00868188	0.00630767	0.0398055	0 1 0	0	     	 	1 1 1/	 
0	-0.00831993	0.00594891	0.0401392	0 1 0	0	     	 	1 1 1/	 
0	-0.00784231	0.00277599	0.0391584	0 1 0	0	     	 	4 1 1/	 
0	-0.00667285	0.00537215	0.0396169	0 1 0	0	     	 	4 1 1/	 
0	-0.00683272	0.00522455	0.0396449	0 1 0	0	     	 	4 1 1/	 
0	-0.00910274	0.00783361	0.0405731	0 1 0	0	     	 	1 1 1/	 
0	-0.0100479	0.00681581	0.0190207	0 1 0	0	     	 	1 1 1/	 
0	-0.0101014	0.00705913	0.018957	0 1 0	0	     	 	1 1 1/	 
0	-0.0100982	0.00698477	0.0190082	0 1 0	0	     	 	1 1 1/	 
0	-0.0100748	0.00644773	0.019378	0 1 0	0	     	 	1 1 1/	 
0	-0.0110653	0.00595422	0.0180187	0 1 0	0	     	 	1 1 1/	 
0	-0.00983885	0.00505494	0.0150369	0 1 0	0	     	 	1 1 1/	 
0	-0.0102227	0.00531933	0.0153098	0 1 0	0	     	 	1 1 1/	 
0	-0.00915913	0.00763473	0.0153021	1 0 0	0	     	 	2 1 1/	 
0	-0.0112964	0.0072882	0.0068135	0 1 0	0	     	 	1 1 1/	 
0	-0.00995045	0.0059265	0.00693564	0 1 0	0	     	 	1 1 1/	 
0	-0.00916774	0.00757938	0.00199082	1 0 0	0	     	 	2 1 1/	 
0	-0.00731997	0.0070598	0.00100807	0 1 0	0	     	 	1 1 1/	 
0	-0.00726495	0.00700758	0.00109292	0 1 0	0	     	 	1 1 1/	 
0	-0.0104772	0.0064327	-0.00639743	1 0 0	0	     	 	2 1 1/	 
0	-0.0145172	0.0070812	-0.00408188	0 1 0	0	     	 	1 1 1/	 
0	-0.0110327	0.00995216	-0.0119331	0 1 0	0	     	 	1 1 1/	 
0	-0.0110856	0.0099374	-0.0119555	0 1 0	0	     	 	1 1 1/	 
0	-0.00917682	0.00753997	-0.0103783	1 0 0	0	     	 	3 1 1/	 
0	-0.00749547	0.00660839	-0.0109333	1 0 0	0	     	 	3 1 1/	 
0	-0.00742621	0.00658381	-0.0113511	1 0 0	0	     	 	3 1 1/	 
0	-0.00745089	0.00658412	-0.0114402	1 0 0	0	     	 	3 1 1/	 
0	-0.009175	0.00754433	-0.0104372	1 0 0	0	     	 	3 1 1/	 
0	-0.00987985	0.00768488	-0.0110617	0 1 0	0	     	 	1 1 1/	 
0	-0.0116688	0.00832436	-0.0109616	0 1 0	0	     	 	1 1 1/	 
0	-0.0106424	0.00847526	-0.010712	1 0 0	0	     	 	3 1 1/	 
0	-0.0128395	0.00940772	-0.0124843	0 1 0	0	     	 	1 1 1/	 
0	-0.0128842	0.00940804	-0.012491	0 1 0	0	     	 	1 1 1/	 
0	-0.0132042	0.0104982	-0.0134858	1 0 0	0	     	 	3 1 1/	 
0	-0.0132217	0.0104849	-0.0134769	1 0 0	0	     	 	3 1 1/	 
0	-0.0114905	0.00618305	-0.0188847	0 1 0	0	     	 	4 1 1/	 
0	-0.0112853	0.00645189	-0.0191859	1 0 0	0	     	 	3 1 1/	 
0	-0.0113475	0.00690169	-0.0193774	1 0 0	0	     	 	2 1 1/	 
0	-0.00426262	0.0109113	-0.017802	1 0 0	0	     	 	2 1 1/	 
0	-0.00418447	0.010973	-0.017871	1 0 0	0	     	 	2 1 1/	 
0	-0.0136793	0.00749066	-0.0242086	0 1 0	0	     	 	4 1 1/	 
0	-0.014239	0.00749859	-0.0246702	1 0 0	0	     	 	2 1 1/	 
0	-0.0142449	0.0075326	-0.0246777	1 0 0	0	     	 	2 1 1/	 
0	-0.0143189	0.00740703	-0.0247476	1 0 0	0	     	 	2 1 1/	 
0	-0.00900784	0.00762822	-0.0353261	1 0 0	0	     	 	3 1 1/	 
0	-0.00900443	0.00762985	-0.0353242	1 0 0	0	     	 	3 1 1/	 
0	-0.0091921	0.00742982	-0.0478622	1 0 0	0	     	 	2 1 1/	 
0	-0.00171186	-0.00720994	0.0579004	0 1 0	0	     	 	4 1 1/	 
0	-0.00171473	-0.00716213	0.0577961	0 1 0	0	     	 	4 1 1/	 
0	-0.00106808	-0.00836014	0.0589026	1 0 0	0	     	 	3 1 1/	 
0	-0.0009755	-0.00811751	0.0589869	0 1 0	0	     	 	4 1 1/	 
0	-0.00095343	-0.00822912	0.0590166	1 0 0	0	     	 	3 1 1/	 
0	-0.000985022	-0.00844938	0.059035	1 0 0	0	     	 	3 1 1/	 
0	0.00194638	-0.00771816	0.0687656	1 0 0	0	     	 	3 1 1/	 
0	0.00159829	-0.00771223	0.0689421	0 1 0	0	     	 	4 1 1/	 
0	0.00139422	-0.00699183	0.0692189	0 1 0	0	     	 	4 1 1/	 
0	0.00139971	-0.0069839	0.0692152	0 1 0	0	     	 	4 1 1/	 
0	0.00139971	-0.0069839	0.0692152	0 1 0	0	     	 	4 1 1/	 
0	0.00953201	-0.0113861	0.0629537	0 1 0	0	     	 	1 1 1/	 
0	0.0105028	-0.0105671	0.0637903	0 1 0	0	     	 	1 1 1/	 
0	0.0117062	-0.0115707	0.0644255	1 0 0	0	     	 	3 1 1/	 
0	0.0117222	-0.0115843	0.0644319	1 0 0	0	     	 	3 1 1/	 
0	-0.00113305	0.00737324	0.0636608	0 1 0	0	     	 	4 1 1/	 
0	0.00284632	-0.00800105	-0.0709243	1 0 0	0	     	 	3 1 1/	 
0	0.00274636	-0.00790863	-0.0707212	1 0 0	0	     	 	3 1 1/	 
0	0.00168836	-0.00730589	-0.0702919	0 1 0	0	     	 	1 1 1/	 
0	0.00165447	-0.00728875	-0.0702886	0 1 0	0	     	 	1 1 1/	 
0	0.00200513	-0.00797988	-0.0698038	1 0 0	0	     	 	3 1 1/	 
0	0.00268388	-0.00758128	-0.069643	1 0 0	0	     	 	3 1 1/	 
0	0.00235366	-0.00830254	-0.0699976	0 1 0	0	     	 	4 1 1/	 
0	0.00241272	-0.00831851	-0.0699344	0 1 0	0	     	 	4 1 1/	 
0	0.00261628	-0.00815162	-0.0700894	0 1 0	0	     	 	4 1 1/	 
0	0.00211743	-0.00845652	-0.0701004	0 1 0	0	     	 	4 1 1/	 
0	-0.00814264	-0.00330421	0.073385	1 0 0	0	     	 	2 1 1/	 
0	-0.00806297	-0.0031169	0.0741031	1 0 0	0	     	 	2 1 1/	 
0	-0.00839761	-0.00325467	0.0743849	1 0 0	0	     	 	3 1 1/	 
0	-0.00869422	-0.00346593	0.0745378	1 0 0	0	     	 	3 1 1/	 
0	-0.00863582	-0.00348208	0.0745747	1 0 0	0	     	 	3 1 1/	 
0	-0.00846834	-0.00324891	0.0744643	1 0 0	0	     	 	3 1 1/	 
0	-0.00681488	-0.00270303	0.0723444	0 1 0	0	     	 	4 1 1/	 
0	-0.00511344	-0.00473182	0.0588605	0 1 0	0	     	 	1 1 1/	 
0	-0.00522489	-0.00539293	0.0588255	1 0 0	0	     	 	2 1 1/	 
0	-0.00498093	-0.00581811	0.0591497	0 1 0	0	     	 	1 1 1/	 
0	-0.00497207	-0.00579475	0.0591584	0 1 0	0	     	 	1 1 1/	 
0	-0.00487265	-0.00574537	0.0598515	0 1 0	0	     	 	1 1 1/	 
0	-0.00478562	-0.00560928	0.0596936	0 1 0	0	     	 	1 1 1/	 
0	-0.00470731	-0.00555249	0.0596677	0 1 0	0	     	 	1 1 1/	 
0	-0.00535666	-0.00558819	0.0592098	1 0 0	0	     	 	2 1 1/	 
0	-0.00487328	-0.00563769	0.0595871	0 1 0	0	     	 	1 1 1/	 
0	-0.00694119	-0.00669666	0.0607916	0 1 0	0	     	 	4 1 1/	 
0	-0.00496742	-0.00576511	0.0591872	0 1 0	0	     	 	1 1 1/	 
0	-0.00497207	-0.00579475	0.0591584	0 1 0	0	     	 	1 1 1/	 
0	-0.00689325	-0.00375247	0.0426509	0 1 0	0	     	 	1 1 1/	 
0	-0.00577804	-0.00599439	0.021441	1 0 0	0	     	 	3 1 1/	 
0	-0.00706992	-0.00374561	0.0210579	0 1 0	0	     	 	4 1 1/	 
0	-0.00731394	-0.00355869	0.0210826	0 1 0	0	     	 	4 1 1/	 
0	-0.00558583	-0.00472419	0.0205268	0 1 0	0	     	 	1 1 1/	 
0	-0.00645028	-0.00662187	0.0218997	0 1 0	0	     	 	4 1 1/	 
0	-0.00605644	-0.00617989	0.0221008	1 0 0	0	     	 	3 1 1/	 
0	-0.00682777	-0.00383981	0.0211213	0 1 0	0	     	 	4 1 1/	 
0	-0.00703937	-0.00386102	0.0211342	0 1 0	0	     	 	4 1 1/	 
0	-0.00776446	-0.00333285	0.0191569	1 0 0	0	     	 	2 1 1/	 
0	-0.0079383	-0.00292842	0.0193757	0 1 0	0	     	 	1 1 1/	 
0	-0.00738304	-0.00370965	0.0206141	0 1 0	0	     	 	4 1 1/	 
0	-0.00687245	-0.00385359	0.0208895	0 1 0	0	     	 	4 1 1/	 
0	-0.00568598	-0.0050918	0.0208624	0 1 0	0	     	 	1 1 1/	 
0	-0.0056634	-0.00508744	0.0208607	0 1 0	0	     	 	1 1 1/	 
0	-0.00571353	-0.00506237	0.020855	0 1 0	0	     	 	1 1 1/	 
0	-0.00614661	-0.00490841	0.0208235	0 1 0	0	     	 	1 1 1/	 
0	-0.00561193	-0.00521733	0.0211	0 1 0	0	     	 	1 1 1/	 
0	-0.00493371	-0.00546205	0.0224936	0 1 0	0	     	 	1 1 1/	 
0	-0.00492847	-0.00548648	0.0224953	0 1 0	0	     	 	1 1 1/	 
0	-0.00492847	-0.00548648	0.0224953	0 1 0	0	     	 	1 1 1/	 
0	-0.00678214	-0.00280933	0.0106864	0 1 0	0	     	 	1 1 1/	 
0	-0.00778195	-0.00296447	0.00672773	1 0 0	0	     	 	3 1 1/	 
0	-0.00707548	-0.00312716	0.0068513	1 0 0	0	     	 	3 1 1/	 
0	-0.00683646	-0.00319062	0.00707462	1 0 0	0	     	 	3 1 1/	 
0	-0.00766097	-0.00281978	-0.00404108	1 0 0	0	     	 	3 1 1/	 
0	-0.00762175	-0.00269034	-0.00398377	1 0 0	0	     	 	3 1 1/	 
0	-0.00904012	-0.00307666	-0.0128701	1 0 0	0	     	 	2 1 1/	 
0	-0.00702187	-0.00216573	-0.0189222	0 1 0	0	     	 	4 1 1/	 
0	-0.007022	-0.00216587	-0.0189222	0 1 0	0	     	 	4 1 1/	 
0	-0.00722313	-0.00286424	-0.0191164	0 1 0	0	     	 	4 1 1/	 
0	-0.0087601	-0.00598159	-0.0383981	0 1 0	0	     	 	1 1 1/	 
0	-0.00824964	-0.00258916	-0.0518681	1 0 0	0	     	 	3 1 1/	 
0	-0.00619206	-0.00600386	-0.0511177	0 1 0	0	     	 	4 1 1/	 
0	-0.00628459	-0.00602521	-0.051139	0 1 0	0	     	 	4 1 1/	 
0	-0.00628459	-0.00602521	-0.051139	0 1 0	0	     	 	4 1 1/	 
0	-0.00726661	0.00491089	0.0385981	0 1 0	0	     	 	1 1 1/	 
1	5.21502e-313	5.21502e-313	5.21502e-313	0 -2 1	-1	     	 		 
